10,153
10,7
10,253
10,183
10,177
10,155
10,149
10,223
10,2
10,3
11,24
11,13
11,21
11,25
11,23
11,6
11,2
11,3
9,7
9,1
9,5
9,2
9,3
8,10
8,5
8,14
8,15
8,13
8,2
8,3
14,6
14,3
13,1
13,3
2,2
2,1
2,3
13008,3
13008,2
13008,1
13008,0
13006,4
13006,3
13006,2
13006,1
13006,0
13004,5
13004,4
13004,3
13004,2
13004,1
13004,0
13001,5
13001,4
13001,3
13001,2
13001,1
13001,0
12998,5
12998,4
12998,3
12998,2
12998,1
12998,0
12995,9
12995,8
12995,7
12995,6
12995,5
12995,4
12995,3
12995,2
12995,1
12995,0
12993,3
12993,2
12993,1
12993,0
12992,5
12992,4
12992,3
12992,2
12992,1
12992,0
12991,4
12991,3
12991,2
12991,1
12991,0
12990,4
12990,3
12990,2
12990,1
12990,0
12989,5
12989,4
12989,3
12989,2
12989,1
12989,0
12988,5
12988,4
12988,3
12988,2
12988,1
12988,0
12987,6
12987,5
12987,4
12987,3
12987,2
12987,1
12987,0
12979,4
12979,3
12979,2
12979,1
12979,0
12977,4
12977,3
12977,2
12977,1
12977,0
12976,4
12976,1
